	515rcbc12	515rcbc23	515rcbc30	515rcbc29	515rcbc9	515rcbc35	515rcbc18	515rcbc15	515rcbc26	515rcbc25	515rcbc32	515rcbc8	515rcbc16	515rcbc36	515rcbc31	515rcbc22	515rcbc17	515rcbc24	515rcbc21	515rcbc10	515rcbc14	515rcbc19	515rcbc27	515rcbc11	515rcbc34	515rcbc37	515rcbc33	515rcbc28	515rcbc13
515rcbc12	0.0	0.459355308656	0.54638918071	0.488351530379	0.480557795545	0.53321898835	0.496351567492	0.486583486429	0.54634868284	0.594766726469	0.548282787762	0.534976784422	0.517532812918	0.525027793435	0.506296739658	0.471583589428	0.466863764152	0.481987351438	0.480741495225	0.501226937247	0.464404474902	0.477704665232	0.441689950145	0.499742164813	0.513125104996	0.473503558038	0.474531037265	0.457949035121	0.459922913573
515rcbc23	0.459355308656	0.0	0.482238273025	0.419735901801	0.383937557634	0.472294104783	0.446112874238	0.466487685529	0.519419381682	0.552243130237	0.467522911645	0.445335719694	0.43381422607	0.491331065727	0.457507498151	0.442091233831	0.434529917422	0.451401900028	0.494179122139	0.44072365508	0.42450420137	0.408928710688	0.400152775567	0.41221997901	0.474559929736	0.391146958668	0.424079899021	0.396587752679	0.439780947391
515rcbc30	0.54638918071	0.482238273025	0.0	0.473313182126	0.455237898192	0.463355325122	0.456884230532	0.498574193145	0.491202757858	0.617536587166	0.546577753046	0.540913749979	0.528456051468	0.578151972585	0.540434219775	0.508715153967	0.456406039776	0.476805581819	0.524719849408	0.489088935753	0.492412772229	0.499687159647	0.483509498293	0.523828834351	0.478795141066	0.463761456579	0.510543929217	0.477347442853	0.496971888148
515rcbc29	0.488351530379	0.419735901801	0.473313182126	0.0	0.418099314787	0.466461968579	0.422907851472	0.45159978274	0.478730871216	0.547733694302	0.489195045983	0.488501553014	0.465557297709	0.526090438981	0.472311101745	0.433013777904	0.414596160654	0.434174514738	0.47073105037	0.443929330889	0.420970815681	0.4290320016	0.420907780991	0.45386742843	0.430535294816	0.41164141706	0.415588859612	0.406032100124	0.438375837553
515rcbc9	0.480557795545	0.383937557634	0.455237898192	0.418099314787	0.0	0.454023898933	0.433916330051	0.469117157925	0.506116441633	0.563816046466	0.482074831682	0.457904719032	0.447440374436	0.509187364438	0.455472000758	0.458248625546	0.419031758215	0.445207844016	0.49023316885	0.432732124516	0.43417325167	0.421926707189	0.416525945804	0.430607507205	0.467121213286	0.396579841491	0.437896251296	0.411435263813	0.437396507231
515rcbc35	0.53321898835	0.472294104783	0.463355325122	0.466461968579	0.454023898933	0.0	0.456175785146	0.495275681654	0.477977304296	0.617138020817	0.544283632363	0.535458149836	0.522284415597	0.566110314573	0.52541139621	0.50329932448	0.452728836036	0.47623820466	0.508833041172	0.475628007725	0.489960540616	0.492719371102	0.462905915729	0.523019406546	0.467184657006	0.452787310785	0.507221646072	0.466761402182	0.480409469862
515rcbc18	0.496351567492	0.446112874238	0.456884230532	0.422907851472	0.433916330051	0.456175785146	0.0	0.405740770701	0.413450357492	0.594039545692	0.524857260717	0.526011880203	0.510583478955	0.56564614549	0.512816272723	0.418463556916	0.398370257776	0.374194564537	0.419118059162	0.452250988908	0.410239152875	0.464511122756	0.41055382714	0.501915441296	0.379995682519	0.426558468306	0.440878433551	0.417400476148	0.402819746807
515rcbc15	0.486583486429	0.466487685529	0.498574193145	0.45159978274	0.469117157925	0.495275681654	0.405740770701	0.0	0.447076684101	0.583392578763	0.531126362455	0.538450125214	0.52086075778	0.553523297425	0.513982395118	0.392480364152	0.421150463379	0.396159565192	0.414201885362	0.481985989701	0.401944985776	0.47464714673	0.414547134575	0.508011792475	0.418854477783	0.452786412659	0.440464891203	0.436424137915	0.394423915085
515rcbc26	0.54634868284	0.519419381682	0.491202757858	0.478730871216	0.506116441633	0.477977304296	0.413450357492	0.447076684101	0.0	0.622781758446	0.573813500368	0.587346186565	0.560876867142	0.602206927115	0.564386043687	0.472913069681	0.451141237606	0.443544743631	0.452616398398	0.498978134134	0.467798555932	0.527300939331	0.471603006867	0.562349084263	0.416018851032	0.503503909416	0.502548199689	0.479437432602	0.451564760028
515rcbc25	0.594766726469	0.552243130237	0.617536587166	0.547733694302	0.563816046466	0.617138020817	0.594039545692	0.583392578763	0.622781758446	0.0	0.46320351539	0.500047301291	0.491462651465	0.563722002458	0.518525577733	0.540994012478	0.581017184102	0.584417011934	0.592555184336	0.554340946289	0.547777167991	0.534156120193	0.579248744747	0.516174781485	0.59064032296	0.568136135226	0.526716436592	0.550726263379	0.571377022829
515rcbc32	0.548282787762	0.467522911645	0.546577753046	0.489195045983	0.482074831682	0.544283632363	0.524857260717	0.531126362455	0.573813500368	0.46320351539	0.0	0.425923604453	0.426634835723	0.506723350171	0.457523825659	0.495189464584	0.519730024915	0.521418133876	0.550362326296	0.47948511324	0.488102994911	0.45092661428	0.509143533687	0.427550024255	0.528273488029	0.483067067294	0.466574608351	0.478531441847	0.503098876232
515rcbc8	0.534976784422	0.445335719694	0.540913749979	0.488501553014	0.457904719032	0.535458149836	0.526011880203	0.538450125214	0.587346186565	0.500047301291	0.425923604453	0.0	0.430729827785	0.508062905767	0.454053611659	0.513941041067	0.516052965873	0.527720187049	0.565757182954	0.486633207909	0.504067488271	0.459400276337	0.500806130103	0.4135834215	0.543074561467	0.458773798171	0.476649658226	0.482970576453	0.515212473474
515rcbc16	0.517532812918	0.43381422607	0.528456051468	0.465557297709	0.447440374436	0.522284415597	0.510583478955	0.52086075778	0.560876867142	0.491462651465	0.426634835723	0.430729827785	0.0	0.478467301779	0.398427189054	0.488089768564	0.492196590026	0.510292789124	0.53883144642	0.445997448255	0.47982356676	0.416646325658	0.470141648405	0.411678959606	0.517635005002	0.452655831489	0.46070419203	0.464286726401	0.500438236045
515rcbc36	0.525027793435	0.491331065727	0.578151972585	0.526090438981	0.509187364438	0.566110314573	0.56564614549	0.553523297425	0.602206927115	0.563722002458	0.506723350171	0.508062905767	0.478467301779	0.0	0.480416790256	0.528521325075	0.541266130552	0.55433229452	0.558561131845	0.511254932168	0.530143554697	0.462789629723	0.516560707117	0.485261306817	0.572556719864	0.506510591883	0.509712874437	0.515784805855	0.531657757149
515rcbc31	0.506296739658	0.457507498151	0.540434219775	0.472311101745	0.455472000758	0.52541139621	0.512816272723	0.513982395118	0.564386043687	0.518525577733	0.457523825659	0.454053611659	0.398427189054	0.480416790256	0.0	0.488744631841	0.495135207792	0.504919433002	0.52559163231	0.45777885231	0.484304012918	0.428305591605	0.462183623158	0.429377281734	0.52312241951	0.4614526445	0.46961223293	0.475527347215	0.494359516619
515rcbc22	0.471583589428	0.442091233831	0.508715153967	0.433013777904	0.458248625546	0.50329932448	0.418463556916	0.392480364152	0.472913069681	0.540994012478	0.495189464584	0.513941041067	0.488089768564	0.528521325075	0.488744631841	0.0	0.418456381401	0.411378072951	0.410939448366	0.460857195398	0.368419799861	0.444781384802	0.412675890121	0.479246357898	0.425396559379	0.437049727428	0.406544129147	0.410112237664	0.387770186257
515rcbc17	0.466863764152	0.434529917422	0.456406039776	0.414596160654	0.419031758215	0.452728836036	0.398370257776	0.421150463379	0.451141237606	0.581017184102	0.519730024915	0.516052965873	0.492196590026	0.541266130552	0.495135207792	0.418456381401	0.0	0.406112031439	0.446216624958	0.449197023712	0.410686513486	0.45091258121	0.407659972234	0.487168981767	0.422997163572	0.421189802319	0.433787712104	0.408879473248	0.410892132702
515rcbc24	0.481987351438	0.451401900028	0.476805581819	0.434174514738	0.445207844016	0.47623820466	0.374194564537	0.396159565192	0.443544743631	0.584417011934	0.521418133876	0.527720187049	0.510292789124	0.55433229452	0.504919433002	0.411378072951	0.406112031439	0.0	0.415080079052	0.474272533997	0.405468018049	0.466528459355	0.414234769719	0.490383338523	0.394219236331	0.43149005602	0.443471222868	0.418415489977	0.387325910234
515rcbc21	0.480741495225	0.494179122139	0.524719849408	0.47073105037	0.49023316885	0.508833041172	0.419118059162	0.414201885362	0.452616398398	0.592555184336	0.550362326296	0.565757182954	0.53883144642	0.558561131845	0.52559163231	0.410939448366	0.446216624958	0.415080079052	0.0	0.489639408637	0.425798415365	0.492553417827	0.443405210487	0.531087147456	0.430135619195	0.4795630849	0.464351172632	0.457046320513	0.392880075512
515rcbc10	0.501226937247	0.44072365508	0.489088935753	0.443929330889	0.432732124516	0.475628007725	0.452250988908	0.481985989701	0.498978134134	0.554340946289	0.47948511324	0.486633207909	0.445997448255	0.511254932168	0.45777885231	0.460857195398	0.449197023712	0.474272533997	0.489639408637	0.0	0.457901226059	0.433838064697	0.432850100294	0.465800734176	0.466505121855	0.451250110096	0.448271436702	0.444144750292	0.460255358586
515rcbc14	0.464404474902	0.42450420137	0.492412772229	0.420970815681	0.43417325167	0.489960540616	0.410239152875	0.401944985776	0.467798555932	0.547777167991	0.488102994911	0.504067488271	0.47982356676	0.530143554697	0.484304012918	0.368419799861	0.410686513486	0.405468018049	0.425798415365	0.457901226059	0.0	0.438153357825	0.39400973524	0.469718737755	0.415611813395	0.422054667129	0.388173066561	0.38579515202	0.372997751188
515rcbc19	0.477704665232	0.408928710688	0.499687159647	0.4290320016	0.421926707189	0.492719371102	0.464511122756	0.47464714673	0.527300939331	0.534156120193	0.45092661428	0.459400276337	0.416646325658	0.462789629723	0.428305591605	0.444781384802	0.45091258121	0.466528459355	0.492553417827	0.433838064697	0.438153357825	0.0	0.428847537796	0.421992077804	0.480879224275	0.414637984868	0.4275583727	0.429122234844	0.446984735079
515rcbc27	0.441689950145	0.400152775567	0.483509498293	0.420907780991	0.416525945804	0.462905915729	0.41055382714	0.414547134575	0.471603006867	0.579248744747	0.509143533687	0.500806130103	0.470141648405	0.516560707117	0.462183623158	0.412675890121	0.407659972234	0.414234769719	0.443405210487	0.432850100294	0.39400973524	0.428847537796	0.0	0.462289506404	0.430239398614	0.407594320369	0.420059632514	0.397611901492	0.399458437059
515rcbc11	0.499742164813	0.41221997901	0.523828834351	0.45386742843	0.430607507205	0.523019406546	0.501915441296	0.508011792475	0.562349084263	0.516174781485	0.427550024255	0.4135834215	0.411678959606	0.485261306817	0.429377281734	0.479246357898	0.487168981767	0.490383338523	0.531087147456	0.465800734176	0.469718737755	0.421992077804	0.462289506404	0.0	0.514199547267	0.421330250987	0.445370918133	0.451762268886	0.486976077148
515rcbc34	0.513125104996	0.474559929736	0.478795141066	0.430535294816	0.467121213286	0.467184657006	0.379995682519	0.418854477783	0.416018851032	0.59064032296	0.528273488029	0.543074561467	0.517635005002	0.572556719864	0.52312241951	0.425396559379	0.422997163572	0.394219236331	0.430135619195	0.466505121855	0.415611813395	0.480879224275	0.430239398614	0.514199547267	0.0	0.456960059077	0.454285915075	0.427844116558	0.412511185317
515rcbc37	0.473503558038	0.391146958668	0.463761456579	0.41164141706	0.396579841491	0.452787310785	0.426558468306	0.452786412659	0.503503909416	0.568136135226	0.483067067294	0.458773798171	0.452655831489	0.506510591883	0.4614526445	0.437049727428	0.421189802319	0.43149005602	0.4795630849	0.451250110096	0.422054667129	0.414637984868	0.407594320369	0.421330250987	0.456960059077	0.0	0.421203300858	0.410382265987	0.439497425488
515rcbc33	0.474531037265	0.424079899021	0.510543929217	0.415588859612	0.437896251296	0.507221646072	0.440878433551	0.440464891203	0.502548199689	0.526716436592	0.466574608351	0.476649658226	0.46070419203	0.509712874437	0.46961223293	0.406544129147	0.433787712104	0.443471222868	0.464351172632	0.448271436702	0.388173066561	0.4275583727	0.420059632514	0.445370918133	0.454285915075	0.421203300858	0.0	0.406368950687	0.425762233777
515rcbc28	0.457949035121	0.396587752679	0.477347442853	0.406032100124	0.411435263813	0.466761402182	0.417400476148	0.436424137915	0.479437432602	0.550726263379	0.478531441847	0.482970576453	0.464286726401	0.515784805855	0.475527347215	0.410112237664	0.408879473248	0.418415489977	0.457046320513	0.444144750292	0.38579515202	0.429122234844	0.397611901492	0.451762268886	0.427844116558	0.410382265987	0.406368950687	0.0	0.404579814814
515rcbc13	0.459922913573	0.439780947391	0.496971888148	0.438375837553	0.437396507231	0.480409469862	0.402819746807	0.394423915085	0.451564760028	0.571377022829	0.503098876232	0.515212473474	0.500438236045	0.531657757149	0.494359516619	0.387770186257	0.410892132702	0.387325910234	0.392880075512	0.460255358586	0.372997751188	0.446984735079	0.399458437059	0.486976077148	0.412511185317	0.439497425488	0.425762233777	0.404579814814	0.0