	515rcbc12	515rcbc23	515rcbc30	515rcbc29	515rcbc9	515rcbc35	515rcbc18	515rcbc15	515rcbc26	515rcbc25	515rcbc32	515rcbc8	515rcbc16	515rcbc36	515rcbc31	515rcbc22	515rcbc17	515rcbc24	515rcbc21	515rcbc10	515rcbc14	515rcbc19	515rcbc27	515rcbc11	515rcbc34	515rcbc37	515rcbc33	515rcbc28	515rcbc13
515rcbc12	0.0	0.459045847863	0.546329625426	0.490083878986	0.480617628982	0.532638968032	0.496683209238	0.487263905108	0.547599831441	0.595226598409	0.547849859233	0.535008160437	0.516665979441	0.525680088624	0.505343409826	0.473967763237	0.465702322074	0.48141287436	0.480038519808	0.502069462977	0.463143768174	0.477579185877	0.440503481503	0.501550291371	0.513752768812	0.474053571836	0.47302436078	0.457483511164	0.458952322119
515rcbc23	0.459045847863	0.0	0.482432487304	0.419695773288	0.382957496351	0.473395365631	0.447024680756	0.467454820936	0.518862086064	0.552441187315	0.466737515528	0.444557468779	0.435114612037	0.491066772133	0.457495327658	0.441626561148	0.435447901169	0.452208746757	0.493136484651	0.441640157626	0.425624341656	0.408948810842	0.399288529037	0.413358179549	0.474955675603	0.390500439584	0.422578465834	0.3974463058	0.440883277153
515rcbc30	0.546329625426	0.482432487304	0.0	0.473967898515	0.454694394608	0.463980682645	0.456261309738	0.495559099196	0.491468917792	0.617962523857	0.546606022725	0.541757247735	0.527322829427	0.577777389631	0.539783675179	0.510113839395	0.456825924333	0.476654439164	0.524351428585	0.488943654841	0.492336079709	0.499385210265	0.482995298367	0.523821059442	0.47869711435	0.465219046819	0.510984262783	0.477678344496	0.496825834721
515rcbc29	0.490083878986	0.419695773288	0.473967898515	0.0	0.41811365032	0.465608179582	0.423569003545	0.449233764654	0.477657175185	0.549306038482	0.488636254725	0.488753119953	0.465545736786	0.527157512437	0.472986394431	0.431671928154	0.414986115155	0.433362399273	0.472592068533	0.442135174334	0.421631909077	0.429162701183	0.419083439011	0.452858941706	0.431085418579	0.413154436693	0.417591094873	0.409328952894	0.437771655333
515rcbc9	0.480617628982	0.382957496351	0.454694394608	0.41811365032	0.0	0.454770450168	0.433858419851	0.467994397902	0.507646597756	0.563995493609	0.481409157408	0.457917385755	0.447740579656	0.509369920697	0.456039903509	0.459065760491	0.417410285295	0.444175988786	0.491378116612	0.43339346237	0.434486497785	0.421403313575	0.416154769213	0.433293007619	0.46655054748	0.397780065281	0.438458110608	0.410105316284	0.437176814478
515rcbc35	0.532638968032	0.473395365631	0.463980682645	0.465608179582	0.454770450168	0.0	0.456138535065	0.494293630521	0.478925845162	0.616522417526	0.543634732087	0.535625018565	0.522060882985	0.565267228981	0.52589768118	0.504762752709	0.454004642573	0.476838570969	0.508550816355	0.475065496686	0.487539368126	0.494426854675	0.464144968644	0.522650254359	0.468775325315	0.453477486718	0.506286078395	0.465622962583	0.478687735392
515rcbc18	0.496683209238	0.447024680756	0.456261309738	0.423569003545	0.433858419851	0.456138535065	0.0	0.405051118581	0.41194856648	0.594235729271	0.525309564085	0.526478097163	0.510776299406	0.566124937537	0.515275917273	0.420133837506	0.399655151299	0.373787285697	0.418170484686	0.453309890769	0.409384141993	0.464542464273	0.408957513032	0.501897689286	0.383635567618	0.426831008161	0.439872018029	0.416772028728	0.403688932899
515rcbc15	0.487263905108	0.467454820936	0.495559099196	0.449233764654	0.467994397902	0.494293630521	0.405051118581	0.0	0.445335879205	0.584068079908	0.530900796128	0.538656504993	0.521226250996	0.554367916666	0.514683802838	0.390370438467	0.419708421867	0.395138202223	0.413324612029	0.483205707213	0.402328712595	0.473830063538	0.413808592111	0.506117221077	0.422829963903	0.451853582706	0.440613128711	0.437841635879	0.395910570841
515rcbc26	0.547599831441	0.518862086064	0.491468917792	0.477657175185	0.507646597756	0.478925845162	0.41194856648	0.445335879205	0.0	0.621854975403	0.574859883096	0.587169632841	0.560495957975	0.603151713624	0.56643333989	0.471789740984	0.450528967098	0.441828713795	0.45179547866	0.49849508613	0.467530748617	0.52724959523	0.471372362356	0.564219002172	0.416831025686	0.504426012426	0.503157620586	0.478811447118	0.453021910502
515rcbc25	0.595226598409	0.552441187315	0.617962523857	0.549306038482	0.563995493609	0.616522417526	0.594235729271	0.584068079908	0.621854975403	0.0	0.462522851162	0.499864978925	0.490857260381	0.563663753097	0.519362474827	0.541390877811	0.581702161643	0.584114491465	0.59327434909	0.554520379259	0.547132734073	0.535437313477	0.579640506512	0.516202983182	0.590971457357	0.568525566472	0.528144283341	0.551037858544	0.571202314278
515rcbc32	0.547849859233	0.466737515528	0.546606022725	0.488636254725	0.481409157408	0.543634732087	0.525309564085	0.530900796128	0.574859883096	0.462522851162	0.0	0.427515811523	0.427289635668	0.507032023098	0.455513749514	0.494872655662	0.520489525165	0.521578014077	0.550255925176	0.478392416804	0.488886290351	0.44985865984	0.508990172855	0.426391069963	0.527468524198	0.48271565314	0.466891174085	0.479255371323	0.504092845347
515rcbc8	0.535008160437	0.444557468779	0.541757247735	0.488753119953	0.457917385755	0.535625018565	0.526478097163	0.538656504993	0.587169632841	0.499864978925	0.427515811523	0.0	0.430011678914	0.508452243865	0.454094338729	0.514184503754	0.513896615386	0.527820487825	0.565962297528	0.486470032168	0.504586621189	0.461228775208	0.499823101294	0.413586407416	0.541828974712	0.460111277429	0.47680094675	0.481022721323	0.516260811868
515rcbc16	0.516665979441	0.435114612037	0.527322829427	0.465545736786	0.447740579656	0.522060882985	0.510776299406	0.521226250996	0.560495957975	0.490857260381	0.427289635668	0.430011678914	0.0	0.47933613783	0.398859699707	0.487243359619	0.490833648094	0.512088381672	0.538536921279	0.444584124667	0.479569208676	0.416065927752	0.469996367133	0.411585786822	0.51785494237	0.452375578489	0.460250198341	0.463071130373	0.499254718219
515rcbc36	0.525680088624	0.491066772133	0.577777389631	0.527157512437	0.509369920697	0.565267228981	0.566124937537	0.554367916666	0.603151713624	0.563663753097	0.507032023098	0.508452243865	0.47933613783	0.0	0.479870809648	0.527615980293	0.541135555295	0.554947266359	0.557458545256	0.512940873179	0.530604198133	0.465483919292	0.516222142358	0.485336908797	0.571330321068	0.505628700034	0.51064032395	0.516059113217	0.532095647636
515rcbc31	0.505343409826	0.457495327658	0.539783675179	0.472986394431	0.456039903509	0.52589768118	0.515275917273	0.514683802838	0.56643333989	0.519362474827	0.455513749514	0.454094338729	0.398859699707	0.479870809648	0.0	0.489547465898	0.49621571793	0.503761407972	0.525406540345	0.457480320919	0.486152414256	0.429054538378	0.461250963471	0.428389817856	0.52471357522	0.460496608349	0.470015573312	0.473269225149	0.493788972974
515rcbc22	0.473967763237	0.441626561148	0.510113839395	0.431671928154	0.459065760491	0.504762752709	0.420133837506	0.390370438467	0.471789740984	0.541390877811	0.494872655662	0.514184503754	0.487243359619	0.527615980293	0.489547465898	0.0	0.418286285412	0.413147221244	0.411454173615	0.461461549052	0.366518605866	0.445180996583	0.411889020231	0.479146913905	0.424142808626	0.436115714269	0.407036362107	0.410268872833	0.387698879459
515rcbc17	0.465702322074	0.435447901169	0.456825924333	0.414986115155	0.417410285295	0.454004642573	0.399655151299	0.419708421867	0.450528967098	0.581702161643	0.520489525165	0.513896615386	0.490833648094	0.541135555295	0.49621571793	0.418286285412	0.0	0.406281841115	0.446519294158	0.449034607145	0.4115999268	0.451522664771	0.406676070706	0.487075646499	0.423770415958	0.417796686481	0.431889310905	0.409017632523	0.410724382061
515rcbc24	0.48141287436	0.452208746757	0.476654439164	0.433362399273	0.444175988786	0.476838570969	0.373787285697	0.395138202223	0.441828713795	0.584114491465	0.521578014077	0.527820487825	0.512088381672	0.554947266359	0.503761407972	0.413147221244	0.406281841115	0.0	0.41588793286	0.475170157217	0.405091645558	0.466805995398	0.413633755636	0.491182003473	0.393866609663	0.432175164978	0.441993564996	0.41847050494	0.388214800666
515rcbc21	0.480038519808	0.493136484651	0.524351428585	0.472592068533	0.491378116612	0.508550816355	0.418170484686	0.413324612029	0.45179547866	0.59327434909	0.550255925176	0.565962297528	0.538536921279	0.557458545256	0.525406540345	0.411454173615	0.446519294158	0.41588793286	0.0	0.490496647737	0.426994692108	0.491980786703	0.444470707078	0.529815810587	0.431339265119	0.481289768848	0.463279024078	0.457236780729	0.3937697719
515rcbc10	0.502069462977	0.441640157626	0.488943654841	0.442135174334	0.43339346237	0.475065496686	0.453309890769	0.483205707213	0.49849508613	0.554520379259	0.478392416804	0.486470032168	0.444584124667	0.512940873179	0.457480320919	0.461461549052	0.449034607145	0.475170157217	0.490496647737	0.0	0.457149973082	0.434856151423	0.431084675322	0.468857295135	0.465229028856	0.453090501661	0.44818745595	0.443834664692	0.461275073803
515rcbc14	0.463143768174	0.425624341656	0.492336079709	0.421631909077	0.434486497785	0.487539368126	0.409384141993	0.402328712595	0.467530748617	0.547132734073	0.488886290351	0.504586621189	0.479569208676	0.530604198133	0.486152414256	0.366518605866	0.4115999268	0.405091645558	0.426994692108	0.457149973082	0.0	0.438213949319	0.392925673348	0.471612986662	0.418124941674	0.418845852244	0.388344558119	0.383972580335	0.371881202688
515rcbc19	0.477579185877	0.408948810842	0.499385210265	0.429162701183	0.421403313575	0.494426854675	0.464542464273	0.473830063538	0.52724959523	0.535437313477	0.44985865984	0.461228775208	0.416065927752	0.465483919292	0.429054538378	0.445180996583	0.451522664771	0.466805995398	0.491980786703	0.434856151423	0.438213949319	0.0	0.427505800032	0.421974940094	0.481913315103	0.414697612123	0.428827806104	0.430161004202	0.447437835226
515rcbc27	0.440503481503	0.399288529037	0.482995298367	0.419083439011	0.416154769213	0.464144968644	0.408957513032	0.413808592111	0.471372362356	0.579640506512	0.508990172855	0.499823101294	0.469996367133	0.516222142358	0.461250963471	0.411889020231	0.406676070706	0.413633755636	0.444470707078	0.431084675322	0.392925673348	0.427505800032	0.0	0.463391712775	0.429199201882	0.407390935634	0.419203158499	0.396604988549	0.396961602696
515rcbc11	0.501550291371	0.413358179549	0.523821059442	0.452858941706	0.433293007619	0.522650254359	0.501897689286	0.506117221077	0.564219002172	0.516202983182	0.426391069963	0.413586407416	0.411585786822	0.485336908797	0.428389817856	0.479146913905	0.487075646499	0.491182003473	0.529815810587	0.468857295135	0.471612986662	0.421974940094	0.463391712775	0.0	0.512230026707	0.421343221571	0.445548201741	0.453639568404	0.488649529375
515rcbc34	0.513752768812	0.474955675603	0.47869711435	0.431085418579	0.46655054748	0.468775325315	0.383635567618	0.422829963903	0.416831025686	0.590971457357	0.527468524198	0.541828974712	0.51785494237	0.571330321068	0.52471357522	0.424142808626	0.423770415958	0.393866609663	0.431339265119	0.465229028856	0.418124941674	0.481913315103	0.429199201882	0.512230026707	0.0	0.457454457253	0.454935884808	0.427794152823	0.412188145509
515rcbc37	0.474053571836	0.390500439584	0.465219046819	0.413154436693	0.397780065281	0.453477486718	0.426831008161	0.451853582706	0.504426012426	0.568525566472	0.48271565314	0.460111277429	0.452375578489	0.505628700034	0.460496608349	0.436115714269	0.417796686481	0.432175164978	0.481289768848	0.453090501661	0.418845852244	0.414697612123	0.407390935634	0.421343221571	0.457454457253	0.0	0.419112217653	0.41135988995	0.439043681801
515rcbc33	0.47302436078	0.422578465834	0.510984262783	0.417591094873	0.438458110608	0.506286078395	0.439872018029	0.440613128711	0.503157620586	0.528144283341	0.466891174085	0.47680094675	0.460250198341	0.51064032395	0.470015573312	0.407036362107	0.431889310905	0.441993564996	0.463279024078	0.44818745595	0.388344558119	0.428827806104	0.419203158499	0.445548201741	0.454935884808	0.419112217653	0.0	0.406234643941	0.425303855504
515rcbc28	0.457483511164	0.3974463058	0.477678344496	0.409328952894	0.410105316284	0.465622962583	0.416772028728	0.437841635879	0.478811447118	0.551037858544	0.479255371323	0.481022721323	0.463071130373	0.516059113217	0.473269225149	0.410268872833	0.409017632523	0.41847050494	0.457236780729	0.443834664692	0.383972580335	0.430161004202	0.396604988549	0.453639568404	0.427794152823	0.41135988995	0.406234643941	0.0	0.403990329469
515rcbc13	0.458952322119	0.440883277153	0.496825834721	0.437771655333	0.437176814478	0.478687735392	0.403688932899	0.395910570841	0.453021910502	0.571202314278	0.504092845347	0.516260811868	0.499254718219	0.532095647636	0.493788972974	0.387698879459	0.410724382061	0.388214800666	0.3937697719	0.461275073803	0.371881202688	0.447437835226	0.396961602696	0.488649529375	0.412188145509	0.439043681801	0.425303855504	0.403990329469	0.0