	515rcbc12	515rcbc23	515rcbc30	515rcbc29	515rcbc9	515rcbc35	515rcbc18	515rcbc15	515rcbc26	515rcbc25	515rcbc32	515rcbc8	515rcbc16	515rcbc36	515rcbc31	515rcbc22	515rcbc17	515rcbc24	515rcbc21	515rcbc10	515rcbc14	515rcbc19	515rcbc27	515rcbc11	515rcbc34	515rcbc37	515rcbc33	515rcbc28	515rcbc13	515rcbc20
515rcbc12	0.0	0.194749633692	0.358661991731	0.272441184914	0.284716482238	0.362675797271	0.318186209013	0.332515787845	0.369745783858	0.354441448243	0.292418507005	0.293675723374	0.277064612386	0.339100367375	0.253334199556	0.270405914007	0.324609411066	0.326634114115	0.269283207749	0.252291607583	0.269470415362	0.236109809621	0.243105226647	0.244356890113	0.326065765183	0.21863535109	0.330938211172	0.295941098658	0.225970829194	0.240364667101
515rcbc23	0.194749633692	0.0	0.230287585566	0.163711633388	0.147217958726	0.269379649651	0.210318925697	0.255464056557	0.268227131518	0.282912368516	0.221817580311	0.222408388048	0.158847200413	0.396596443683	0.196200014909	0.188348458735	0.211274606527	0.214229342291	0.216016996844	0.170219167764	0.171361102609	0.151377090266	0.179294643272	0.170581095351	0.23250508056	0.147766474338	0.240208710809	0.160780295667	0.176661716338	0.200857442528
515rcbc30	0.358661991731	0.230287585566	0.0	0.181627997009	0.14577050792	0.193920147882	0.144889576196	0.207683612665	0.147256450695	0.326752848597	0.247894064965	0.245504141281	0.23562635728	0.497639748973	0.259910242728	0.22187093493	0.152634628956	0.148527189928	0.233123181339	0.172102385037	0.242466427919	0.219784621999	0.217790802014	0.25153886763	0.154877080569	0.211549287207	0.2360498393	0.179368036616	0.235303691073	0.282620961676
515rcbc29	0.272441184914	0.163711633388	0.181627997009	0.0	0.131682054363	0.221887266847	0.128468467959	0.165573454343	0.199105783287	0.270513450432	0.222385185263	0.213082761423	0.159364188093	0.408345450026	0.192431391039	0.151642598875	0.114883400028	0.151687173108	0.18303644913	0.141133905934	0.164094545166	0.159375619906	0.12637050595	0.173239110377	0.140066888275	0.134641893788	0.16970263449	0.154121976364	0.161717687274	0.199656040012
515rcbc9	0.284716482238	0.147217958726	0.14577050792	0.131682054363	0.0	0.217354768978	0.158620503062	0.218355774426	0.195022336321	0.265308564493	0.206613752716	0.197406917198	0.149561867645	0.436236474956	0.190146571161	0.166681099741	0.15035424237	0.148631900798	0.200504354386	0.141343806352	0.174183601519	0.144253559375	0.1640974061	0.166947228477	0.165236542114	0.138515294134	0.197528621358	0.119992590933	0.178475918266	0.229132119409
515rcbc35	0.362675797271	0.269379649651	0.193920147882	0.221887266847	0.217354768978	0.0	0.183469048092	0.219911589502	0.191580336918	0.361072912342	0.270967722259	0.272354642515	0.275634008187	0.48539992408	0.278772909603	0.26171692861	0.209030772558	0.223219003855	0.246043977678	0.215133164394	0.29335112382	0.248614264976	0.23757356728	0.283307224964	0.186606933733	0.230953553319	0.277180297254	0.24724175679	0.226880274886	0.295079764417
515rcbc18	0.318186209013	0.210318925697	0.144889576196	0.128468467959	0.158620503062	0.183469048092	0.0	0.116115226112	0.124766356729	0.289291951969	0.224806771937	0.231894876927	0.212329217231	0.471691003003	0.226329115013	0.151206500812	0.0973991956938	0.110214086505	0.139904723455	0.14656798498	0.189676992974	0.188685301136	0.151739272353	0.226592817273	0.0808926298013	0.175183000418	0.176644844906	0.155626713091	0.155731356387	0.236320247907
515rcbc15	0.332515787845	0.255464056557	0.207683612665	0.165573454343	0.218355774426	0.219911589502	0.116115226112	0.0	0.189056594558	0.309553787081	0.261243912597	0.258289309364	0.245758347913	0.462548991654	0.247985699104	0.173990868275	0.113848080257	0.151745181141	0.181994715612	0.188291316736	0.22052530176	0.219787395719	0.154259946445	0.244743408213	0.12187430436	0.184742845061	0.198670000139	0.21205440676	0.174655711782	0.235679588356
515rcbc26	0.369745783858	0.268227131518	0.147256450695	0.199105783287	0.195022336321	0.191580336918	0.124766356729	0.189056594558	0.0	0.344477363652	0.277029840041	0.287701713956	0.270623498814	0.522343872534	0.279671131481	0.214477351115	0.163442367959	0.118369040469	0.192241393056	0.204331591401	0.253116433505	0.249515397373	0.217763660304	0.284697805566	0.118407115032	0.241103465525	0.247618866151	0.188703042053	0.20222175959	0.296239436664
515rcbc25	0.354441448243	0.282912368516	0.326752848597	0.270513450432	0.265308564493	0.361072912342	0.289291951969	0.309553787081	0.344477363652	0.0	0.187042484133	0.206668797531	0.195840977114	0.454026820865	0.233698660345	0.213993908857	0.289762484377	0.303352948791	0.277968924993	0.257344314959	0.22606312565	0.247606804451	0.277142220695	0.212110877648	0.305847380964	0.269550140108	0.209004744517	0.233867494956	0.289277581197	0.313323254272
515rcbc32	0.292418507005	0.221817580311	0.247894064965	0.222385185263	0.206613752716	0.270967722259	0.224806771937	0.261243912597	0.277029840041	0.187042484133	0.0	0.135530217907	0.143735973142	0.422300205233	0.143555378617	0.173540350328	0.229257047334	0.231531265169	0.211794738987	0.167201169863	0.218518467363	0.153327629709	0.213600082383	0.132549372372	0.236214943368	0.194916704136	0.193244194229	0.194004346034	0.215928245984	0.241035708838
515rcbc8	0.293675723374	0.222408388048	0.245504141281	0.213082761423	0.197406917198	0.272354642515	0.231894876927	0.258289309364	0.287701713956	0.206668797531	0.135530217907	0.0	0.172975503144	0.407783940182	0.162654940872	0.203532498399	0.225380267454	0.235613021847	0.233640017342	0.170501443927	0.245911047921	0.163507840308	0.207102510025	0.149927557516	0.241508822957	0.179691510449	0.219447633428	0.230926908127	0.225574891739	0.246671335322
515rcbc16	0.277064612386	0.158847200413	0.23562635728	0.159364188093	0.149561867645	0.275634008187	0.212329217231	0.245758347913	0.270623498814	0.195840977114	0.143735973142	0.172975503144	0.0	0.407183787744	0.145068726816	0.153749227879	0.200667645401	0.215845452777	0.222840734261	0.166828479303	0.149169809246	0.138090609827	0.190247417827	0.113240146486	0.225012363201	0.161168259744	0.173995414622	0.153913412674	0.192914231086	0.216676045763
515rcbc36	0.339100367375	0.396596443683	0.497639748973	0.408345450026	0.436236474956	0.48539992408	0.471691003003	0.462548991654	0.522343872534	0.454026820865	0.422300205233	0.407783940182	0.407183787744	0.0	0.370053270844	0.444106660186	0.452669274121	0.475701532075	0.452160490354	0.409811468026	0.447253618361	0.371646825854	0.404291205298	0.377219894846	0.476725405907	0.375513673586	0.464968091407	0.468653217305	0.422201211358	0.395530058193
515rcbc31	0.253334199556	0.196200014909	0.259910242728	0.192431391039	0.190146571161	0.278772909603	0.226329115013	0.247985699104	0.279671131481	0.233698660345	0.143555378617	0.162654940872	0.145068726816	0.370053270844	0.0	0.181943967972	0.213689014413	0.221402482724	0.214051082001	0.163190525243	0.222219843747	0.108629596362	0.171329640158	0.097884654736	0.233636151314	0.153814004169	0.215711133686	0.208940792662	0.191440517303	0.209137342265
515rcbc22	0.270405914007	0.188348458735	0.22187093493	0.151642598875	0.166681099741	0.26171692861	0.151206500812	0.173990868275	0.214477351115	0.213993908857	0.173540350328	0.203532498399	0.153749227879	0.444106660186	0.181943967972	0.0	0.167507208527	0.152221255703	0.124171194254	0.144357637815	0.113109949665	0.151554057403	0.139632263126	0.154395803637	0.167392674877	0.15745672067	0.126457014036	0.117482687547	0.136421584399	0.213396967701
515rcbc17	0.324609411066	0.211274606527	0.152634628956	0.114883400028	0.15035424237	0.209030772558	0.0973991956938	0.113848080257	0.163442367959	0.289762484377	0.229257047334	0.225380267454	0.200667645401	0.452669274121	0.213689014413	0.167507208527	0.0	0.120560105804	0.190935039743	0.152812199455	0.190721980879	0.18578124682	0.14483758285	0.2103178033	0.102591652688	0.164657697649	0.172420708099	0.154296249234	0.188775337081	0.228603292895
515rcbc24	0.326634114115	0.214229342291	0.148527189928	0.151687173108	0.148631900798	0.223219003855	0.110214086505	0.151745181141	0.118369040469	0.303352948791	0.231531265169	0.235613021847	0.215845452777	0.475701532075	0.221402482724	0.152221255703	0.120560105804	0.0	0.174440869064	0.171577373139	0.190854371563	0.187112343907	0.157622809043	0.218054500623	0.105793974277	0.180572178681	0.186940688073	0.138101156238	0.163981317778	0.250010666966
515rcbc21	0.269283207749	0.216016996844	0.233123181339	0.18303644913	0.200504354386	0.246043977678	0.139904723455	0.181994715612	0.192241393056	0.277968924993	0.211794738987	0.233640017342	0.222840734261	0.452160490354	0.214051082001	0.124171194254	0.190935039743	0.174440869064	0.0	0.15023853062	0.196620816815	0.186436776646	0.15709089351	0.210712450162	0.165616911277	0.18660925834	0.208585523965	0.171502082888	0.11950606469	0.226361086631
515rcbc10	0.252291607583	0.170219167764	0.172102385037	0.141133905934	0.141343806352	0.215133164394	0.14656798498	0.188291316736	0.204331591401	0.257344314959	0.167201169863	0.170501443927	0.166828479303	0.409811468026	0.163190525243	0.144357637815	0.152812199455	0.171577373139	0.15023853062	0.0	0.193600327775	0.131044207996	0.127903874946	0.161626226598	0.165181186744	0.141716425609	0.176216874575	0.15701404566	0.154497502671	0.199952760349
515rcbc14	0.269470415362	0.171361102609	0.242466427919	0.164094545166	0.174183601519	0.29335112382	0.189676992974	0.22052530176	0.253116433505	0.22606312565	0.218518467363	0.245911047921	0.149169809246	0.447253618361	0.222219843747	0.113109949665	0.190721980879	0.190854371563	0.196620816815	0.193600327775	0.0	0.194984062092	0.17629284946	0.180560840017	0.205110314566	0.19203727616	0.133006711685	0.131404465403	0.172631345915	0.224818915262
515rcbc19	0.236109809621	0.151377090266	0.219784621999	0.159375619906	0.144253559375	0.248614264976	0.188685301136	0.219787395719	0.249515397373	0.247606804451	0.153327629709	0.163507840308	0.138090609827	0.371646825854	0.108629596362	0.151554057403	0.18578124682	0.187112343907	0.186436776646	0.131044207996	0.194984062092	0.0	0.142540163997	0.118048876171	0.207081224285	0.111353852653	0.191752079555	0.164864717545	0.158862349508	0.190698846086
515rcbc27	0.243105226647	0.179294643272	0.217790802014	0.12637050595	0.1640974061	0.23757356728	0.151739272353	0.154259946445	0.217763660304	0.277142220695	0.213600082383	0.207102510025	0.190247417827	0.404291205298	0.171329640158	0.139632263126	0.14483758285	0.157622809043	0.15709089351	0.127903874946	0.17629284946	0.142540163997	0.0	0.167995062217	0.160191140817	0.116731540092	0.182168996958	0.163019453271	0.125452267148	0.178306802845
515rcbc11	0.244356890113	0.170581095351	0.25153886763	0.173239110377	0.166947228477	0.283307224964	0.226592817273	0.244743408213	0.284697805566	0.212110877648	0.132549372372	0.149927557516	0.113240146486	0.377219894846	0.097884654736	0.154395803637	0.2103178033	0.218054500623	0.210712450162	0.161626226598	0.180560840017	0.118048876171	0.167995062217	0.0	0.231884787415	0.126329054678	0.180265192929	0.18134049918	0.187418909634	0.200238756526
515rcbc34	0.326065765183	0.23250508056	0.154877080569	0.140066888275	0.165236542114	0.186606933733	0.0808926298013	0.12187430436	0.118407115032	0.305847380964	0.236214943368	0.241508822957	0.225012363201	0.476725405907	0.233636151314	0.167392674877	0.102591652688	0.105793974277	0.165616911277	0.165181186744	0.205110314566	0.207081224285	0.160191140817	0.231884787415	0.0	0.177607693273	0.18608979168	0.165829604315	0.167751623202	0.236553533462
515rcbc37	0.21863535109	0.147766474338	0.211549287207	0.134641893788	0.138515294134	0.230953553319	0.175183000418	0.184742845061	0.241103465525	0.269550140108	0.194916704136	0.179691510449	0.161168259744	0.375513673586	0.153814004169	0.15745672067	0.164657697649	0.180572178681	0.18660925834	0.141716425609	0.19203727616	0.111353852653	0.116731540092	0.126329054678	0.177607693273	0.0	0.195029251794	0.175248970297	0.151333795132	0.165217815198
515rcbc33	0.330938211172	0.240208710809	0.2360498393	0.16970263449	0.197528621358	0.277180297254	0.176644844906	0.198670000139	0.247618866151	0.209004744517	0.193244194229	0.219447633428	0.173995414622	0.464968091407	0.215711133686	0.126457014036	0.172420708099	0.186940688073	0.208585523965	0.176216874575	0.133006711685	0.191752079555	0.182168996958	0.180265192929	0.18608979168	0.195029251794	0.0	0.16552016658	0.217359775606	0.256475661973
515rcbc28	0.295941098658	0.160780295667	0.179368036616	0.154121976364	0.119992590933	0.24724175679	0.155626713091	0.21205440676	0.188703042053	0.233867494956	0.194004346034	0.230926908127	0.153913412674	0.468653217305	0.208940792662	0.117482687547	0.154296249234	0.138101156238	0.171502082888	0.15701404566	0.131404465403	0.164864717545	0.163019453271	0.18134049918	0.165829604315	0.175248970297	0.16552016658	0.0	0.171769746362	0.250563607643
515rcbc13	0.225970829194	0.176661716338	0.235303691073	0.161717687274	0.178475918266	0.226880274886	0.155731356387	0.174655711782	0.20222175959	0.289277581197	0.215928245984	0.225574891739	0.192914231086	0.422201211358	0.191440517303	0.136421584399	0.188775337081	0.163981317778	0.11950606469	0.154497502671	0.172631345915	0.158862349508	0.125452267148	0.187418909634	0.167751623202	0.151333795132	0.217359775606	0.171769746362	0.0	0.193730980002
515rcbc20	0.240364667101	0.200857442528	0.282620961676	0.199656040012	0.229132119409	0.295079764417	0.236320247907	0.235679588356	0.296239436664	0.313323254272	0.241035708838	0.246671335322	0.216676045763	0.395530058193	0.209137342265	0.213396967701	0.228603292895	0.250010666966	0.226361086631	0.199952760349	0.224818915262	0.190698846086	0.178306802845	0.200238756526	0.236553533462	0.165217815198	0.256475661973	0.250563607643	0.193730980002	0.0